label	pred
0	0.996798	0.000087	0.000001	0.000150	0.002904	0.000000	0.000000	0.000001	0.000009	0.000049	
8	0.001064	0.067937	0.001516	0.443250	0.000008	0.000016	0.019126	0.439363	0.027713	0.000007	
9	0.050075	0.595840	0.123259	0.081890	0.000045	0.000032	0.002195	0.112378	0.033957	0.000328	
2	0.001825	0.123188	0.775566	0.017629	0.002712	0.000452	0.022842	0.041006	0.005900	0.008881	
7	0.009065	0.103731	0.017123	0.164684	0.000259	0.000112	0.112109	0.524996	0.067691	0.000230	
7	0.000412	0.956905	0.000815	0.004564	0.000032	0.000000	0.000127	0.035250	0.001894	0.000000	
9	0.000002	0.000005	0.023171	0.000011	0.000123	0.000005	0.026212	0.003802	0.001787	0.944882	
2	0.000061	0.228275	0.455207	0.010361	0.000591	0.001246	0.029395	0.262402	0.011526	0.000936	
9	0.000004	0.000026	0.015412	0.002067	0.000554	0.000004	0.898415	0.001341	0.022136	0.060042	
4	0.001959	0.000000	0.000000	0.000005	0.998002	0.000000	0.000000	0.000000	0.000000	0.000033	
9	0.000001	0.000013	0.006417	0.000004	0.005675	0.000000	0.002335	0.000185	0.001049	0.984320	
6	0.000000	0.000000	0.000000	0.000000	0.000000	0.000000	0.999743	0.000255	0.000001	0.000001	
9	0.000016	0.000032	0.057099	0.000994	0.002179	0.000003	0.008969	0.000085	0.010132	0.920492	
6	0.000000	0.000000	0.000022	0.000000	0.000000	0.000000	0.993924	0.006032	0.000003	0.000019	
2	0.000000	0.000050	0.003398	0.000071	0.000002	0.000000	0.892767	0.099019	0.004496	0.000197	
7	0.000000	0.000006	0.000024	0.000002	0.000000	0.000000	0.001502	0.998466	0.000000	0.000000	
7	0.000563	0.448046	0.053356	0.002339	0.003277	0.000020	0.047653	0.442048	0.002454	0.000245	
2	0.000029	0.001566	0.130770	0.002958	0.000445	0.000008	0.803285	0.046753	0.010251	0.003934	
0	0.999514	0.000006	0.000000	0.000345	0.000132	0.000000	0.000000	0.000000	0.000001	0.000001	
9	0.000000	0.000000	0.075471	0.000000	0.000004	0.000000	0.007746	0.000031	0.000068	0.916680	
0	0.991206	0.007579	0.000011	0.000375	0.000208	0.000026	0.000000	0.000559	0.000026	0.000011	
7	0.000095	0.075595	0.031611	0.056200	0.000274	0.000817	0.073788	0.759414	0.002116	0.000089	
1	0.002264	0.829865	0.000456	0.000739	0.000194	0.000000	0.000105	0.158987	0.007388	0.000002	
8	0.000000	0.000005	0.000001	0.000000	0.000001	0.000000	0.000187	0.000005	0.999796	0.000004	
8	0.000002	0.000100	0.000004	0.000002	0.000093	0.000000	0.000368	0.000087	0.999292	0.000054	
3	0.000001	0.000001	0.000001	0.999925	0.000000	0.000000	0.000072	0.000000	0.000000	0.000000	
2	0.001165	0.007192	0.915088	0.000640	0.000193	0.000138	0.000080	0.002685	0.000205	0.072613	
2	0.126640	0.700375	0.002227	0.043039	0.031231	0.000074	0.001942	0.092290	0.002092	0.000091	
3	0.000189	0.006876	0.003355	0.979808	0.000010	0.000011	0.007567	0.001864	0.000319	0.000002	
1	0.000533	0.964957	0.000675	0.002237	0.000170	0.000000	0.000234	0.019703	0.011490	0.000000	
8	0.000001	0.000174	0.000008	0.000023	0.000001	0.000000	0.000451	0.000011	0.999331	0.000001	
6	0.000000	0.000000	0.000023	0.000001	0.000000	0.000000	0.999147	0.000747	0.000058	0.000024	
5	0.000067	0.013031	0.012078	0.018277	0.000032	0.750256	0.000546	0.205658	0.000018	0.000037	
7	0.000000	0.000088	0.000010	0.000000	0.000000	0.000000	0.000149	0.999752	0.000000	0.000000	
7	0.000005	0.000859	0.003370	0.000199	0.000001	0.000001	0.043080	0.952197	0.000235	0.000053	
3	0.000011	0.000133	0.000068	0.998372	0.000001	0.000002	0.001391	0.000017	0.000006	0.000000	
2	0.143630	0.843804	0.001511	0.000969	0.000355	0.000002	0.000005	0.009223	0.000492	0.000009	
4	0.000048	0.000000	0.000000	0.000000	0.999945	0.000000	0.000000	0.000000	0.000000	0.000007	
9	0.000570	0.005439	0.425379	0.000115	0.004984	0.000002	0.011470	0.010450	0.078911	0.462681	
7	0.000884	0.019535	0.014168	0.021867	0.000366	0.000133	0.253669	0.680879	0.006328	0.002171	
9	0.000000	0.000000	0.000003	0.000000	0.000031	0.000000	0.000005	0.000000	0.000048	0.999914	
1	0.000554	0.488714	0.001371	0.007504	0.000183	0.000003	0.003871	0.447949	0.049846	0.000006	
0	0.998511	0.001206	0.000002	0.000246	0.000026	0.000001	0.000000	0.000007	0.000001	0.000001	
0	0.354177	0.005261	0.008594	0.235299	0.329419	0.000045	0.002997	0.000126	0.038338	0.025745	
9	0.000012	0.000000	0.000061	0.000000	0.000060	0.000000	0.000004	0.000002	0.000160	0.999701	
6	0.000000	0.000000	0.000063	0.000029	0.000000	0.000000	0.999403	0.000390	0.000111	0.000003	
3	0.002136	0.063180	0.004909	0.382369	0.000468	0.000654	0.073003	0.472962	0.000236	0.000083	
8	0.000022	0.002680	0.000022	0.000114	0.000018	0.000000	0.001725	0.002066	0.993349	0.000004	
3	0.170801	0.728220	0.004054	0.051768	0.002929	0.000045	0.000585	0.034862	0.006616	0.000121	
9	0.004956	0.044318	0.030795	0.015365	0.009996	0.000003	0.045904	0.011328	0.815034	0.022300	
9	0.000000	0.000000	0.000321	0.000000	0.000170	0.000000	0.001918	0.000066	0.002122	0.995402	
0	0.940898	0.034874	0.001546	0.000410	0.018339	0.000017	0.000002	0.000500	0.001242	0.002173	
9	0.000440	0.006786	0.104657	0.043334	0.000529	0.000008	0.572628	0.022637	0.241917	0.007066	
7	0.000000	0.000000	0.000000	0.000000	0.000000	0.000000	0.000111	0.999889	0.000000	0.000000	
8	0.000000	0.000000	0.000000	0.000000	0.000000	0.000000	0.000000	0.000000	1.000000	0.000000	
8	0.000000	0.000001	0.000000	0.000000	0.000000	0.000000	0.000231	0.000003	0.999764	0.000001	
2	0.000045	0.006337	0.010664	0.001398	0.000105	0.000007	0.214720	0.765833	0.000778	0.000113	
4	0.000012	0.000000	0.000000	0.000000	0.999985	0.000000	0.000000	0.000000	0.000000	0.000002	
0	0.997685	0.000361	0.000010	0.000870	0.000860	0.000004	0.000000	0.000024	0.000048	0.000136	
2	0.000027	0.390269	0.543929	0.008258	0.001754	0.000440	0.009419	0.037108	0.008159	0.000638	
2	0.026602	0.186712	0.560148	0.156748	0.000204	0.000243	0.005920	0.056483	0.002620	0.004320	
9	0.000056	0.001457	0.006786	0.000151	0.001551	0.000005	0.585119	0.396904	0.002832	0.005138	
7	0.000003	0.001932	0.003615	0.068165	0.000000	0.000000	0.429871	0.495757	0.000656	0.000001	
9	0.000857	0.000548	0.016068	0.000099	0.004258	0.000011	0.004366	0.004820	0.048525	0.920449	
0	0.877482	0.007739	0.003437	0.002917	0.032504	0.000051	0.000906	0.014875	0.005713	0.054375	
9	0.000000	0.000000	0.166800	0.000003	0.000012	0.000004	0.009934	0.000029	0.000021	0.823197	
3	0.837073	0.008406	0.000045	0.056516	0.095902	0.000019	0.000051	0.000080	0.001819	0.000090	
4	0.000055	0.000000	0.000000	0.000000	0.999940	0.000000	0.000000	0.000000	0.000000	0.000005	
9	0.000481	0.000101	0.017995	0.000008	0.001629	0.000000	0.000017	0.000060	0.002072	0.977637	
9	0.000001	0.000004	0.167406	0.000002	0.000009	0.000001	0.005083	0.000445	0.001346	0.825705	
3	0.000008	0.000009	0.000002	0.999587	0.000000	0.000000	0.000372	0.000016	0.000006	0.000000	
3	0.000047	0.002761	0.023185	0.849019	0.000019	0.000481	0.104993	0.018680	0.000760	0.000055	
9	0.001234	0.065992	0.503859	0.003501	0.010017	0.000013	0.038703	0.141993	0.048690	0.185997	
6	0.000000	0.000001	0.000108	0.000001	0.000001	0.000000	0.994251	0.005512	0.000066	0.000060	
4	0.000721	0.000000	0.000000	0.000001	0.999247	0.000000	0.000000	0.000000	0.000000	0.000031	
4	0.002122	0.000000	0.000000	0.000013	0.997855	0.000000	0.000000	0.000000	0.000001	0.000010	
2	0.000002	0.000224	0.006824	0.000006	0.000097	0.000000	0.544110	0.432280	0.009528	0.006928	
1	0.000082	0.199609	0.000131	0.000049	0.000013	0.000000	0.000179	0.793751	0.006187	0.000001	
1	0.000073	0.986663	0.000018	0.000069	0.000019	0.000000	0.000002	0.012689	0.000466	0.000000	
7	0.000001	0.000398	0.000806	0.001042	0.000000	0.000017	0.010554	0.987178	0.000003	0.000001	
7	0.000072	0.874730	0.001374	0.000090	0.000036	0.000000	0.000032	0.122846	0.000819	0.000000	
8	0.000000	0.000000	0.000000	0.000000	0.000000	0.000000	0.000023	0.000000	0.999977	0.000000	
5	0.000040	0.005693	0.087222	0.652327	0.000011	0.004298	0.157357	0.092395	0.000517	0.000140	
2	0.000013	0.000150	0.000041	0.994740	0.000000	0.000000	0.004818	0.000141	0.000097	0.000000	
9	0.000000	0.000000	0.000094	0.000000	0.000216	0.000000	0.007658	0.000078	0.000854	0.991100	
1	0.003496	0.789602	0.020445	0.071734	0.000040	0.000024	0.000989	0.113517	0.000147	0.000006	
2	0.001950	0.065494	0.876594	0.025352	0.000798	0.000016	0.004615	0.007535	0.007701	0.009944	
5	0.000009	0.003298	0.007779	0.004408	0.000009	0.904536	0.000168	0.079769	0.000005	0.000018	
2	0.000207	0.013660	0.966961	0.012521	0.000024	0.000029	0.001795	0.004097	0.000201	0.000504	
7	0.000000	0.000009	0.000100	0.000008	0.000000	0.000001	0.005680	0.994201	0.000000	0.000000	
9	0.000000	0.000000	0.000027	0.000000	0.000167	0.000000	0.000043	0.000008	0.000063	0.999691	
6	0.000000	0.000000	0.000003	0.000000	0.000000	0.000000	0.999362	0.000521	0.000098	0.000015	
4	0.000250	0.000000	0.000000	0.000000	0.999746	0.000000	0.000000	0.000000	0.000000	0.000004	
1	0.000135	0.778201	0.002637	0.011776	0.000058	0.000002	0.002414	0.182545	0.022230	0.000003	
2	0.000025	0.005240	0.211497	0.000597	0.000220	0.000036	0.255806	0.495494	0.012399	0.018685	
7	0.000000	0.000002	0.000000	0.000000	0.000000	0.000000	0.000015	0.999983	0.000000	0.000000	
7	0.000061	0.012833	0.026108	0.839734	0.000021	0.000007	0.110726	0.009437	0.001066	0.000006	
1	0.000069	0.002138	0.001614	0.962979	0.000001	0.000013	0.028209	0.004721	0.000254	0.000001	
9	0.000139	0.001855	0.078330	0.000012	0.016084	0.000001	0.016535	0.022835	0.124156	0.740053	
1	0.000728	0.716530	0.001403	0.000349	0.000167	0.000003	0.000118	0.279633	0.001065	0.000004	
8	0.000000	0.000000	0.000000	0.000000	0.000000	0.000000	0.000000	0.000000	1.000000	0.000000	
7	0.000001	0.000594	0.004380	0.000085	0.000000	0.000000	0.061813	0.933035	0.000083	0.000009	
6	0.000001	0.001556	0.103180	0.002969	0.000007	0.000001	0.760508	0.123386	0.008198	0.000193	
4	0.000015	0.000000	0.000000	0.000000	0.999980	0.000000	0.000000	0.000000	0.000000	0.000005	
8	0.000000	0.000003	0.000000	0.000000	0.000000	0.000000	0.000004	0.000001	0.999992	0.000000	
1	0.000061	0.919300	0.000613	0.000440	0.000005	0.000000	0.000049	0.078196	0.001336	0.000000	
8	0.000110	0.008004	0.000283	0.001038	0.000036	0.000000	0.003869	0.000904	0.985740	0.000015	
0	0.984078	0.011627	0.000077	0.000251	0.002712	0.000023	0.000002	0.000927	0.000173	0.000128	
8	0.000000	0.000002	0.000001	0.000000	0.000001	0.000000	0.001515	0.000170	0.998302	0.000009	
8	0.000000	0.000000	0.000000	0.000000	0.000000	0.000000	0.000000	0.000000	1.000000	0.000000	
3	0.000010	0.000060	0.000059	0.995008	0.000000	0.000000	0.004803	0.000040	0.000021	0.000000	
8	0.000000	0.000001	0.000000	0.000000	0.000000	0.000000	0.000022	0.000001	0.999976	0.000000	
1	0.000078	0.867003	0.001139	0.000416	0.000059	0.000000	0.000224	0.122345	0.008737	0.000000	
8	0.000028	0.001482	0.000189	0.000033	0.000071	0.000000	0.001165	0.000327	0.996623	0.000082	
9	0.000513	0.001228	0.351249	0.000619	0.001785	0.000001	0.000441	0.000168	0.039703	0.604293	
3	0.000147	0.001766	0.000524	0.992618	0.000001	0.000001	0.004179	0.000473	0.000290	0.000000	
6	0.000000	0.000040	0.002304	0.000319	0.000002	0.000000	0.957975	0.038469	0.000809	0.000081	
1	0.010098	0.937888	0.003136	0.022774	0.000114	0.000007	0.000080	0.025799	0.000103	0.000002	
3	0.001584	0.029454	0.096053	0.488967	0.000161	0.000161	0.162198	0.186173	0.034002	0.001247	
3	0.000165	0.000506	0.000043	0.998405	0.000000	0.000000	0.000793	0.000068	0.000020	0.000000	
7	0.000007	0.001801	0.023291	0.042717	0.000013	0.000014	0.710894	0.212891	0.008270	0.000102	
0	0.999782	0.000152	0.000000	0.000011	0.000050	0.000000	0.000000	0.000003	0.000002	0.000001	
9	0.000070	0.000177	0.038570	0.000061	0.001941	0.000006	0.054723	0.020236	0.012692	0.871525	
2	0.000171	0.001948	0.818095	0.001213	0.000370	0.000885	0.007797	0.012231	0.002940	0.154350	
0	0.998717	0.000444	0.000012	0.000252	0.000522	0.000001	0.000000	0.000004	0.000022	0.000026	
3	0.000091	0.000456	0.000300	0.997098	0.000000	0.000001	0.001722	0.000308	0.000023	0.000000	
8	0.000000	0.000000	0.000000	0.000000	0.000000	0.000000	0.000001	0.000000	0.999999	0.000000	
0	0.941095	0.041795	0.001601	0.010450	0.000315	0.000039	0.000034	0.004273	0.000214	0.000184	
9	0.000117	0.000004	0.000913	0.000032	0.000272	0.000000	0.000982	0.000134	0.011654	0.985892	
0	0.998044	0.000093	0.000000	0.000215	0.001519	0.000000	0.000000	0.000002	0.000114	0.000013	
7	0.000000	0.000001	0.000000	0.000000	0.000000	0.000000	0.000007	0.999992	0.000000	0.000000	
6	0.000000	0.000000	0.000023	0.000001	0.000000	0.000000	0.999147	0.000747	0.000058	0.000024	
0	0.999148	0.000134	0.000002	0.000234	0.000460	0.000002	0.000000	0.000002	0.000004	0.000014	
8	0.000000	0.000002	0.000000	0.000000	0.000000	0.000000	0.000044	0.000001	0.999953	0.000000	
7	0.000153	0.572943	0.000215	0.000205	0.000042	0.000000	0.000140	0.425289	0.001012	0.000000	
8	0.000000	0.000006	0.000000	0.000000	0.000000	0.000000	0.000081	0.000011	0.999902	0.000000	
9	0.000000	0.000000	0.029051	0.000000	0.000004	0.000000	0.001342	0.000015	0.000012	0.969576	
0	0.929756	0.062925	0.000825	0.001770	0.002502	0.000012	0.000004	0.000852	0.001074	0.000279	
2	0.017177	0.081983	0.029496	0.865452	0.000215	0.000011	0.002311	0.001071	0.002204	0.000081	
4	0.000184	0.000000	0.000000	0.000001	0.999767	0.000000	0.000000	0.000000	0.000000	0.000048	
0	0.999856	0.000110	0.000001	0.000013	0.000016	0.000000	0.000000	0.000002	0.000001	0.000002	
3	0.177523	0.786259	0.001190	0.009957	0.002585	0.000022	0.000142	0.020163	0.002136	0.000023	
1	0.000501	0.531266	0.000121	0.000897	0.000194	0.000000	0.000833	0.281321	0.184862	0.000002	
9	0.000000	0.000000	0.021658	0.000000	0.000002	0.000000	0.001680	0.000006	0.000008	0.976645	
0	0.998975	0.000055	0.000000	0.000047	0.000909	0.000000	0.000000	0.000001	0.000005	0.000009	
7	0.000017	0.048245	0.006213	0.003087	0.000005	0.000025	0.011499	0.930714	0.000192	0.000003	
7	0.003355	0.203569	0.107830	0.003988	0.002920	0.000011	0.083148	0.500174	0.092573	0.002432	
9	0.000002	0.000003	0.001163	0.000007	0.004069	0.000000	0.036396	0.000689	0.007778	0.949894	
8	0.000000	0.000000	0.000000	0.000000	0.000000	0.000000	0.000003	0.000000	0.999997	0.000000	
0	0.999368	0.000254	0.000003	0.000351	0.000012	0.000000	0.000000	0.000007	0.000003	0.000002	
0	0.999485	0.000339	0.000001	0.000084	0.000086	0.000000	0.000000	0.000001	0.000002	0.000001	
9	0.002470	0.190798	0.487678	0.007418	0.000920	0.000030	0.029085	0.205658	0.068701	0.007243	
0	0.999866	0.000042	0.000003	0.000011	0.000052	0.000000	0.000000	0.000000	0.000001	0.000026	
4	0.000519	0.000000	0.000000	0.000001	0.999453	0.000000	0.000000	0.000000	0.000000	0.000028	
0	0.997361	0.000147	0.000000	0.000035	0.002439	0.000000	0.000000	0.000002	0.000008	0.000008	
9	0.000008	0.000074	0.706322	0.000106	0.000036	0.000017	0.016365	0.002257	0.000578	0.274237	
7	0.000001	0.000460	0.000005	0.000009	0.000001	0.000000	0.000662	0.998856	0.000005	0.000000	
4	0.000079	0.000000	0.000000	0.000001	0.999919	0.000000	0.000000	0.000000	0.000000	0.000000	
0	0.957397	0.020648	0.000486	0.000433	0.010181	0.000008	0.000009	0.002601	0.003717	0.004521	
0	0.996075	0.000251	0.000001	0.000703	0.002951	0.000002	0.000000	0.000003	0.000008	0.000006	
4	0.008232	0.000000	0.000000	0.000016	0.991731	0.000000	0.000000	0.000000	0.000002	0.000019	
4	0.000250	0.000000	0.000000	0.000000	0.999744	0.000000	0.000000	0.000000	0.000000	0.000005	
0	0.962422	0.009793	0.001109	0.001274	0.004216	0.000098	0.000067	0.014618	0.000978	0.005425	
9	0.000940	0.002706	0.306059	0.061506	0.000356	0.000054	0.488837	0.012087	0.092034	0.035421	
9	0.000007	0.000001	0.000114	0.000000	0.002942	0.000000	0.000212	0.000206	0.000538	0.995979	
2	0.000031	0.004944	0.026886	0.632381	0.000003	0.000010	0.269153	0.049318	0.017250	0.000022	
4	0.000331	0.000000	0.000000	0.000000	0.999652	0.000000	0.000000	0.000000	0.000000	0.000016	
3	0.000577	0.008517	0.000512	0.936672	0.000012	0.000059	0.022707	0.027828	0.003113	0.000003	
3	0.272875	0.341194	0.002866	0.103975	0.174339	0.000198	0.007003	0.095066	0.001812	0.000671	
5	0.004268	0.084067	0.085644	0.097773	0.000522	0.471715	0.002452	0.252066	0.000631	0.000863	
4	0.011212	0.000000	0.000000	0.000056	0.988486	0.000000	0.000000	0.000000	0.000005	0.000240	
0	0.965267	0.014120	0.000388	0.005693	0.002830	0.000017	0.000188	0.008294	0.002682	0.000522	
7	0.000000	0.000037	0.000002	0.000002	0.000000	0.000000	0.000528	0.999430	0.000001	0.000000	
0	0.992795	0.000643	0.000010	0.000262	0.006189	0.000002	0.000000	0.000014	0.000030	0.000056	
7	0.000208	0.691489	0.000172	0.000082	0.000054	0.000000	0.000034	0.307889	0.000072	0.000000	
8	0.000090	0.005063	0.032396	0.023178	0.000012	0.000011	0.662022	0.210997	0.065801	0.000432	
7	0.000000	0.000478	0.032515	0.001549	0.000020	0.000002	0.923975	0.038802	0.002385	0.000274	
7	0.000000	0.000125	0.000008	0.000003	0.000000	0.000000	0.000733	0.999130	0.000001	0.000000	
9	0.000000	0.000000	0.025030	0.000000	0.000004	0.000000	0.001902	0.000004	0.000015	0.973045	
9	0.000042	0.000018	0.004337	0.000010	0.000710	0.000000	0.004246	0.001311	0.009432	0.979892	
8	0.000000	0.000000	0.000000	0.000000	0.000000	0.000000	0.000024	0.000000	0.999976	0.000000	
9	0.000021	0.000259	0.330975	0.000194	0.001884	0.000002	0.060145	0.003850	0.005572	0.597097	
6	0.000000	0.000004	0.000266	0.000001	0.000009	0.000000	0.937652	0.061800	0.000070	0.000197	
7	0.000031	0.953588	0.001628	0.000060	0.000094	0.000000	0.000075	0.042284	0.002238	0.000001	
7	0.000000	0.000392	0.059122	0.000366	0.000074	0.000076	0.725831	0.204192	0.006126	0.003821	
0	0.034207	0.016353	0.001657	0.908894	0.000598	0.000016	0.005163	0.002168	0.030791	0.000153	
7	0.000841	0.665537	0.001151	0.006046	0.000234	0.000002	0.002405	0.247320	0.076455	0.000009	
6	0.000000	0.000040	0.001484	0.000293	0.000003	0.000000	0.973957	0.022108	0.002026	0.000088	
7	0.000000	0.000007	0.000000	0.000001	0.000000	0.000000	0.002541	0.997450	0.000001	0.000000	
3	0.000003	0.000012	0.000021	0.999264	0.000000	0.000000	0.000689	0.000007	0.000004	0.000000	
1	0.001065	0.751294	0.003150	0.019331	0.000264	0.000004	0.001811	0.208374	0.014694	0.000012	
4	0.000072	0.000000	0.000000	0.000001	0.999918	0.000000	0.000000	0.000000	0.000000	0.000009	
1	0.000275	0.793426	0.000084	0.000253	0.000159	0.000000	0.000078	0.198928	0.006796	0.000001	
7	0.000000	0.000000	0.000004	0.000001	0.000000	0.000000	0.956127	0.043332	0.000480	0.000057	
2	0.004399	0.021364	0.913725	0.006039	0.001597	0.001350	0.000631	0.003016	0.000526	0.047354	
1	0.000258	0.894682	0.077500	0.018319	0.001477	0.000017	0.000805	0.003309	0.003596	0.000036	
0	0.998799	0.000689	0.000026	0.000058	0.000361	0.000001	0.000000	0.000007	0.000009	0.000050	
4	0.030707	0.000000	0.000000	0.000020	0.969252	0.000000	0.000000	0.000000	0.000002	0.000020	
1	0.000285	0.951985	0.000315	0.000981	0.000064	0.000000	0.000072	0.036625	0.009675	0.000000	
8	0.000000	0.000000	0.000000	0.000000	0.000000	0.000000	0.000006	0.000000	0.999992	0.000001	
7	0.000051	0.022905	0.475929	0.072326	0.000007	0.000117	0.123453	0.304316	0.000804	0.000093	
7	0.000000	0.000000	0.000000	0.000000	0.000000	0.000000	0.682159	0.317836	0.000001	0.000004	
4	0.000010	0.000000	0.000000	0.000000	0.999989	0.000000	0.000000	0.000000	0.000000	0.000001	
7	0.000475	0.243013	0.002033	0.531923	0.000171	0.000014	0.063903	0.117926	0.040537	0.000006	
7	0.000000	0.000000	0.000000	0.000000	0.000000	0.000000	0.000897	0.999103	0.000000	0.000000	
0	0.997391	0.002434	0.000019	0.000053	0.000032	0.000001	0.000000	0.000026	0.000020	0.000024	
1	0.002233	0.631150	0.195583	0.014791	0.000008	0.000005	0.001712	0.154378	0.000123	0.000018	
4	0.000012	0.000000	0.000000	0.000000	0.999984	0.000000	0.000000	0.000000	0.000000	0.000003	
0	0.997900	0.001034	0.000012	0.000455	0.000559	0.000002	0.000000	0.000011	0.000016	0.000010	
4	0.660536	0.000004	0.000000	0.000773	0.338546	0.000001	0.000000	0.000000	0.000023	0.000116	
2	0.000002	0.002813	0.116569	0.012856	0.000002	0.000008	0.607992	0.259361	0.000342	0.000052	
2	0.000529	0.019150	0.189136	0.349832	0.000003	0.000386	0.067226	0.372908	0.000684	0.000147	
1	0.005083	0.227283	0.359239	0.005546	0.006024	0.000236	0.012283	0.296293	0.057010	0.031003	
9	0.008153	0.035826	0.529076	0.007141	0.003185	0.000012	0.059408	0.107992	0.088339	0.160867	
2	0.000195	0.015961	0.166606	0.012903	0.000581	0.000082	0.454589	0.231388	0.105093	0.012602	
7	0.000000	0.000045	0.000000	0.000000	0.000000	0.000000	0.000186	0.999768	0.000001	0.000000	
5	0.000078	0.005073	0.374340	0.101462	0.000082	0.000077	0.408693	0.036299	0.069632	0.004266	
2	0.001630	0.053688	0.235041	0.220593	0.001988	0.002628	0.286388	0.092451	0.081854	0.023738	
8	0.002591	0.008481	0.000999	0.000368	0.000279	0.000000	0.001836	0.006608	0.977962	0.000877	
8	0.000000	0.000000	0.000000	0.000000	0.000000	0.000000	0.000000	0.000000	1.000000	0.000000	
9	0.000000	0.000000	0.000026	0.000000	0.000009	0.000000	0.000002	0.000000	0.000045	0.999918	
1	0.000024	0.906753	0.009381	0.000216	0.000120	0.000000	0.000347	0.080039	0.003115	0.000004	
2	0.000788	0.079773	0.225419	0.085692	0.001133	0.000013	0.448722	0.090442	0.064588	0.003429	
9	0.000135	0.000060	0.025518	0.000366	0.001440	0.000018	0.010932	0.001731	0.005399	0.954400	
7	0.000000	0.000007	0.000000	0.000000	0.000000	0.000000	0.000229	0.999764	0.000000	0.000000	
3	0.000012	0.000461	0.000451	0.970998	0.000000	0.000000	0.027608	0.000372	0.000097	0.000000	
0	0.999466	0.000026	0.000001	0.000064	0.000341	0.000000	0.000000	0.000002	0.000036	0.000065	
6	0.000059	0.014028	0.255282	0.006248	0.000150	0.000017	0.533465	0.181903	0.007546	0.001302	
4	0.002439	0.000000	0.000000	0.000019	0.997485	0.000000	0.000000	0.000000	0.000002	0.000055	
3	0.001888	0.012250	0.002998	0.969484	0.000023	0.000047	0.005978	0.006693	0.000634	0.000006	
8	0.000000	0.000007	0.000002	0.000001	0.000002	0.000000	0.000435	0.000007	0.999542	0.000004	
8	0.000000	0.000107	0.000006	0.000009	0.000000	0.000000	0.000410	0.000095	0.999372	0.000001	
6	0.000000	0.000000	0.000015	0.000138	0.000000	0.000000	0.999358	0.000210	0.000275	0.000003	
0	0.998361	0.000019	0.000000	0.000008	0.001569	0.000000	0.000000	0.000000	0.000010	0.000032	
1	0.000038	0.916169	0.000066	0.000012	0.000073	0.000000	0.000006	0.081969	0.001667	0.000000	
2	0.000203	0.087731	0.714646	0.004072	0.000007	0.000029	0.008783	0.183195	0.001158	0.000177	
5	0.000003	0.002365	0.005918	0.003752	0.000011	0.977639	0.000051	0.010251	0.000001	0.000009	
3	0.000062	0.000845	0.004118	0.974082	0.000006	0.000073	0.019402	0.001152	0.000249	0.000010	
9	0.000023	0.000001	0.000351	0.000001	0.000140	0.000000	0.000140	0.000073	0.000769	0.998502	
7	0.000001	0.000163	0.003795	0.001113	0.000000	0.000000	0.491703	0.498984	0.004206	0.000034	
4	0.001679	0.000000	0.000000	0.000002	0.998242	0.000000	0.000000	0.000000	0.000001	0.000076	
2	0.001359	0.001183	0.718002	0.025758	0.001509	0.000021	0.004142	0.000179	0.005709	0.242137	
8	0.000000	0.000000	0.000000	0.000000	0.000000	0.000000	0.000000	0.000000	1.000000	0.000000	
7	0.000000	0.000012	0.000054	0.000008	0.000000	0.000000	0.015926	0.983997	0.000002	0.000000	
8	0.000000	0.000005	0.000000	0.000000	0.000000	0.000000	0.000272	0.000139	0.999583	0.000000	
3	0.000277	0.002403	0.000818	0.984450	0.000002	0.000012	0.009401	0.002275	0.000362	0.000001	
0	0.965703	0.020497	0.001140	0.007714	0.002195	0.000014	0.000020	0.000707	0.001342	0.000668	
2	0.000001	0.000025	0.616381	0.000030	0.000102	0.000003	0.074689	0.001154	0.000972	0.306642	
2	0.000005	0.015942	0.706066	0.000714	0.000002	0.000015	0.028223	0.248774	0.000191	0.000068	
8	0.002386	0.005223	0.000077	0.000196	0.001585	0.000001	0.000994	0.002617	0.985393	0.001530	
7	0.000000	0.000001	0.000000	0.000000	0.000000	0.000000	0.000007	0.999992	0.000000	0.000000	
0	0.123116	0.004592	0.064486	0.004714	0.036397	0.006597	0.035623	0.178406	0.004339	0.541731	
2	0.000255	0.053619	0.242886	0.011468	0.000030	0.000158	0.103666	0.586829	0.000696	0.000391	
9	0.000003	0.000067	0.419376	0.000016	0.000351	0.000015	0.020510	0.005165	0.000479	0.554017	
6	0.000073	0.052964	0.029549	0.238930	0.000083	0.000020	0.617161	0.047079	0.014111	0.000029	
5	0.000003	0.000891	0.006494	0.001681	0.000007	0.984220	0.000024	0.006660	0.000001	0.000020	
9	0.000000	0.000005	0.304185	0.000044	0.000082	0.000003	0.128716	0.000827	0.000772	0.565367	
8	0.000000	0.000000	0.000000	0.000000	0.000000	0.000000	0.000000	0.000000	1.000000	0.000000	
6	0.000000	0.000000	0.000000	0.000000	0.000000	0.000000	0.999863	0.000066	0.000058	0.000013	
3	0.000005	0.000078	0.000020	0.999495	0.000000	0.000000	0.000365	0.000034	0.000002	0.000000	
9	0.000000	0.000000	0.000664	0.000000	0.000087	0.000000	0.000689	0.000004	0.000229	0.998326	
2	0.000002	0.000737	0.933566	0.002087	0.000003	0.000035	0.033184	0.027625	0.000986	0.001776	
8	0.000024	0.001785	0.000173	0.000050	0.000075	0.000000	0.002299	0.000455	0.995086	0.000053	
4	0.013497	0.000000	0.000000	0.000050	0.986400	0.000000	0.000000	0.000000	0.000002	0.000051	
5	0.000000	0.000008	0.000130	0.000943	0.000000	0.998400	0.000000	0.000518	0.000000	0.000000	
4	0.001880	0.000000	0.000000	0.000007	0.998074	0.000000	0.000000	0.000000	0.000000	0.000038	
0	0.000005	0.000301	0.000727	0.001176	0.000092	0.000000	0.938948	0.057680	0.000965	0.000105	
9	0.000099	0.000040	0.001911	0.000013	0.023870	0.000001	0.002943	0.002668	0.000642	0.967811	
1	0.000073	0.052964	0.029549	0.238930	0.000083	0.000020	0.617161	0.047079	0.014111	0.000029	
2	0.000083	0.830381	0.011318	0.000294	0.000033	0.000001	0.000632	0.137968	0.019281	0.000009	
8	0.000000	0.000000	0.000000	0.000000	0.000000	0.000000	0.000000	0.000000	1.000000	0.000000	
8	0.000000	0.000000	0.000000	0.000000	0.000000	0.000000	0.000001	0.000000	0.999999	0.000000	
7	0.000000	0.000127	0.000007	0.000001	0.000000	0.000000	0.000462	0.999402	0.000001	0.000000	
4	0.000130	0.000000	0.000000	0.000000	0.999856	0.000000	0.000000	0.000000	0.000000	0.000014	
2	0.000013	0.000049	0.000053	0.998235	0.000000	0.000000	0.001579	0.000037	0.000033	0.000000	
9	0.000862	0.019189	0.012204	0.947622	0.000030	0.000007	0.013177	0.001313	0.005574	0.000022	
4	0.000175	0.000000	0.000000	0.000000	0.999821	0.000000	0.000000	0.000000	0.000000	0.000004	
0	0.859731	0.000004	0.000000	0.001152	0.138772	0.000000	0.000001	0.000000	0.000072	0.000268	
1	0.000262	0.786103	0.000139	0.000243	0.000160	0.000000	0.000129	0.206462	0.006502	0.000001	
6	0.000000	0.000000	0.000023	0.000001	0.000000	0.000000	0.999147	0.000747	0.000058	0.000024	
8	0.000860	0.018316	0.000347	0.000406	0.001159	0.000000	0.003015	0.005216	0.970080	0.000599	
4	0.000322	0.000000	0.000000	0.000002	0.999663	0.000000	0.000000	0.000000	0.000000	0.000013	
9	0.000002	0.000005	0.042793	0.000029	0.000262	0.000000	0.000475	0.000013	0.001350	0.955070	
3	0.000006	0.000010	0.000003	0.999699	0.000000	0.000000	0.000271	0.000010	0.000001	0.000000	
5	0.000022	0.003876	0.634437	0.191025	0.000115	0.092914	0.041746	0.032746	0.000103	0.003019	
5	0.002728	0.106285	0.242856	0.339960	0.003455	0.022670	0.080610	0.160504	0.029600	0.011332	
1	0.000167	0.792409	0.000634	0.001013	0.000364	0.000000	0.000969	0.100531	0.103910	0.000004	
8	0.001290	0.048731	0.011916	0.221268	0.000014	0.000025	0.052160	0.450915	0.213589	0.000091	
2	0.001071	0.001453	0.880458	0.000536	0.000441	0.000036	0.000011	0.000027	0.000330	0.115636	
1	0.002568	0.796890	0.000117	0.000799	0.000128	0.000001	0.000072	0.195854	0.003569	0.000002	
9	0.000000	0.000000	0.010859	0.000000	0.000003	0.000000	0.000842	0.000001	0.000005	0.988290	
4	0.000016	0.000000	0.000000	0.000000	0.999977	0.000000	0.000000	0.000000	0.000000	0.000007	
0	0.930840	0.000022	0.000004	0.000227	0.067837	0.000000	0.000000	0.000001	0.000060	0.001008	
1	0.002135	0.421246	0.077223	0.007356	0.000255	0.000006	0.023220	0.459843	0.008354	0.000361	
9	0.000000	0.000000	0.001530	0.000000	0.000414	0.000000	0.000143	0.000014	0.000173	0.997726	
7	0.000000	0.000001	0.000000	0.000000	0.000000	0.000000	0.000021	0.999978	0.000000	0.000000	
2	0.000035	0.001891	0.001748	0.977576	0.000001	0.000001	0.017967	0.000220	0.000562	0.000000	
2	0.000123	0.374244	0.107991	0.136103	0.000165	0.000030	0.051403	0.313730	0.016179	0.000032	
8	0.000000	0.000001	0.000000	0.000000	0.000000	0.000000	0.000032	0.000002	0.999964	0.000001	
0	0.997814	0.002056	0.000009	0.000094	0.000007	0.000000	0.000000	0.000011	0.000005	0.000002	
2	0.000268	0.062133	0.071430	0.029083	0.000082	0.000105	0.033661	0.800899	0.002219	0.000120	
9	0.002470	0.190798	0.487678	0.007418	0.000920	0.000030	0.029085	0.205658	0.068701	0.007243	
3	0.000002	0.000011	0.000004	0.999493	0.000000	0.000000	0.000481	0.000001	0.000009	0.000000	
9	0.000003	0.000630	0.986024	0.000229	0.000054	0.000023	0.002620	0.001246	0.000103	0.009067	
0	0.995396	0.000303	0.000005	0.000350	0.003856	0.000002	0.000000	0.000010	0.000033	0.000045	
1	0.000681	0.806103	0.000522	0.003544	0.000371	0.000000	0.001509	0.127054	0.060213	0.000003	
8	0.000004	0.001621	0.008171	0.000077	0.000180	0.000000	0.104343	0.035638	0.847896	0.002070	
2	0.002301	0.008947	0.940219	0.003067	0.000175	0.000144	0.000443	0.005224	0.000682	0.038798	
7	0.000001	0.000289	0.017574	0.024385	0.000007	0.000002	0.937833	0.015527	0.004274	0.000109	
4	0.000023	0.000000	0.000000	0.000000	0.999974	0.000000	0.000000	0.000000	0.000000	0.000004	
0	0.888081	0.000291	0.000002	0.000048	0.111248	0.000000	0.000000	0.000034	0.000046	0.000249	
7	0.000009	0.001267	0.000444	0.000679	0.000001	0.000026	0.015404	0.982036	0.000127	0.000008	
0	0.058789	0.824146	0.005920	0.031221	0.003534	0.000022	0.000961	0.073401	0.001868	0.000138	
3	0.000007	0.000039	0.000011	0.999607	0.000000	0.000000	0.000322	0.000006	0.000007	0.000000	
1	0.001929	0.890148	0.001067	0.001425	0.000167	0.000000	0.000258	0.081033	0.023970	0.000004	
0	0.999023	0.000143	0.000002	0.000222	0.000593	0.000000	0.000000	0.000001	0.000004	0.000010	
9	0.000000	0.000000	0.000057	0.000000	0.001199	0.000000	0.000223	0.000003	0.000214	0.998303	
8	0.000000	0.000000	0.000000	0.000000	0.000000	0.000000	0.000006	0.000000	0.999993	0.000000	
3	0.000006	0.000015	0.000004	0.999279	0.000000	0.000000	0.000674	0.000005	0.000017	0.000000	
3	0.000006	0.000022	0.000013	0.993964	0.000000	0.000000	0.005935	0.000025	0.000035	0.000000	
2	0.012304	0.953955	0.002997	0.000730	0.000133	0.000002	0.000031	0.028817	0.001023	0.000009	
2	0.000000	0.000182	0.019172	0.001208	0.000000	0.000000	0.562874	0.416146	0.000406	0.000011	
7	0.000000	0.000040	0.000011	0.000003	0.000000	0.000000	0.000621	0.999326	0.000000	0.000000	
8	0.000000	0.000032	0.000003	0.000002	0.000002	0.000000	0.004392	0.000887	0.994673	0.000009	
0	0.202856	0.000002	0.000000	0.002100	0.794694	0.000000	0.000001	0.000000	0.000107	0.000239	
6	0.000000	0.000007	0.000384	0.001142	0.000000	0.000000	0.983124	0.015077	0.000262	0.000004	
4	0.002046	0.000000	0.000000	0.000016	0.997914	0.000000	0.000000	0.000000	0.000001	0.000023	
1	0.000015	0.955936	0.000086	0.000005	0.000021	0.000000	0.000002	0.043651	0.000284	0.000000	
