label	pred
0	0.998172	0.000028	0.000011	0.000260	0.001492	0.000008	0.000000	0.000004	0.000003	0.000021	
8	0.003220	0.126348	0.026050	0.749996	0.002992	0.001769	0.000726	0.088132	0.000608	0.000159	
9	0.028405	0.864108	0.034291	0.026193	0.002077	0.000124	0.000100	0.001255	0.000078	0.043369	
2	0.001341	0.000972	0.979739	0.000097	0.000015	0.000067	0.000046	0.000386	0.000023	0.017313	
7	0.021008	0.002391	0.503208	0.248939	0.001282	0.171793	0.000748	0.050333	0.000257	0.000042	
7	0.000019	0.989747	0.000584	0.004677	0.000011	0.000001	0.000045	0.004886	0.000007	0.000023	
9	0.000029	0.000175	0.016992	0.000000	0.000009	0.000000	0.000131	0.000263	0.000001	0.982399	
2	0.001721	0.008842	0.948754	0.008632	0.000816	0.015377	0.000442	0.015149	0.000001	0.000266	
9	0.000136	0.000143	0.017760	0.000003	0.000002	0.000000	0.000585	0.000030	0.000169	0.981170	
4	0.000966	0.000000	0.000000	0.000000	0.999034	0.000000	0.000000	0.000000	0.000000	0.000000	
9	0.000000	0.000084	0.000052	0.000000	0.000000	0.000000	0.000015	0.000000	0.000000	0.999849	
6	0.000001	0.000021	0.007017	0.000000	0.000001	0.000000	0.990112	0.001613	0.000000	0.001235	
9	0.000002	0.000366	0.006327	0.000002	0.000000	0.000000	0.000047	0.000003	0.000003	0.993249	
6	0.000023	0.000053	0.095655	0.000000	0.000099	0.000000	0.436322	0.378870	0.000034	0.088943	
2	0.002807	0.010889	0.494476	0.000359	0.000200	0.000091	0.111925	0.362472	0.008674	0.008107	
7	0.000531	0.000210	0.016311	0.000090	0.000176	0.000064	0.000330	0.982276	0.000010	0.000000	
7	0.002104	0.300423	0.576854	0.001568	0.001326	0.000441	0.059872	0.018228	0.000004	0.039180	
2	0.000202	0.007670	0.924033	0.000786	0.000054	0.000250	0.056664	0.001519	0.000009	0.008814	
0	0.826264	0.000000	0.000004	0.000005	0.173715	0.000000	0.000000	0.000010	0.000000	0.000001	
9	0.000006	0.000000	0.048207	0.000000	0.000000	0.000000	0.000038	0.000000	0.000000	0.951749	
0	0.989043	0.000589	0.000843	0.005241	0.002940	0.000358	0.000008	0.000266	0.000274	0.000437	
7	0.001564	0.209868	0.089265	0.648997	0.000564	0.022301	0.000896	0.026483	0.000024	0.000038	
1	0.000152	0.987235	0.005874	0.002365	0.000015	0.000007	0.000073	0.003181	0.000080	0.001017	
8	0.000002	0.000000	0.000001	0.000001	0.000000	0.000000	0.000000	0.000003	0.999986	0.000006	
8	0.000013	0.000014	0.000006	0.000048	0.000000	0.000000	0.000001	0.000058	0.999840	0.000020	
3	0.000088	0.000493	0.000670	0.997086	0.000044	0.000569	0.000021	0.000998	0.000031	0.000000	
2	0.000488	0.001369	0.917806	0.000029	0.000074	0.000011	0.000089	0.000057	0.000000	0.080077	
2	0.671609	0.170756	0.022164	0.018152	0.093041	0.000229	0.000124	0.005562	0.000022	0.018342	
3	0.000214	0.159266	0.001572	0.828818	0.000123	0.000095	0.000019	0.009812	0.000075	0.000006	
1	0.000002	0.996940	0.001250	0.000062	0.000001	0.000000	0.000022	0.001345	0.000001	0.000375	
8	0.000001	0.000022	0.000005	0.000010	0.000000	0.000000	0.000003	0.000005	0.999906	0.000048	
6	0.000020	0.000041	0.103571	0.000000	0.000015	0.000002	0.890420	0.001878	0.000001	0.004051	
5	0.000242	0.000001	0.000081	0.000003	0.000001	0.999519	0.000004	0.000148	0.000000	0.000000	
7	0.003739	0.025980	0.000387	0.000450	0.000406	0.000006	0.000071	0.968444	0.000510	0.000007	
7	0.028577	0.000112	0.603388	0.000333	0.005816	0.000332	0.000174	0.360998	0.000030	0.000238	
3	0.000141	0.010889	0.000171	0.987718	0.000035	0.000494	0.000034	0.000432	0.000084	0.000002	
2	0.066585	0.900872	0.003078	0.019158	0.000544	0.000406	0.000052	0.000266	0.000097	0.008943	
4	0.000042	0.000000	0.000000	0.000000	0.999958	0.000000	0.000000	0.000000	0.000000	0.000000	
9	0.000207	0.005337	0.054538	0.000003	0.000001	0.000000	0.000025	0.000017	0.000051	0.939821	
7	0.026444	0.071292	0.618497	0.004731	0.091143	0.000123	0.003876	0.141561	0.000026	0.042308	
9	0.000000	0.000002	0.000005	0.000000	0.000000	0.000000	0.000000	0.000000	0.000000	0.999993	
1	0.000052	0.956350	0.000773	0.008821	0.000024	0.000009	0.000855	0.031759	0.000981	0.000375	
0	0.972741	0.000068	0.000078	0.004887	0.021852	0.000053	0.000002	0.000278	0.000021	0.000021	
0	0.594638	0.000255	0.010278	0.098897	0.291792	0.000075	0.000021	0.003290	0.000078	0.000676	
9	0.000014	0.000062	0.001132	0.000000	0.000001	0.000000	0.000016	0.000004	0.000009	0.998762	
6	0.000000	0.000116	0.001030	0.000000	0.000000	0.000000	0.997079	0.000423	0.000003	0.001349	
3	0.017116	0.785292	0.011891	0.176804	0.002800	0.000540	0.000270	0.004781	0.000021	0.000486	
8	0.000020	0.000660	0.000004	0.000039	0.000000	0.000000	0.000034	0.000449	0.998729	0.000065	
3	0.165703	0.552034	0.025628	0.222421	0.010270	0.005302	0.000354	0.009225	0.000771	0.008291	
9	0.002686	0.412514	0.005274	0.000094	0.000016	0.000005	0.000367	0.000628	0.001423	0.576992	
9	0.000000	0.000007	0.000003	0.000000	0.000000	0.000000	0.000000	0.000000	0.000000	0.999989	
0	0.941252	0.007150	0.002783	0.001516	0.008905	0.000120	0.000008	0.000554	0.000168	0.037544	
9	0.000874	0.102453	0.663372	0.001854	0.000149	0.000031	0.000833	0.001621	0.000044	0.228769	
7	0.000001	0.000002	0.000000	0.000000	0.000001	0.000000	0.000002	0.999968	0.000027	0.000000	
8	0.000000	0.000000	0.000000	0.000000	0.000000	0.000000	0.000000	0.000000	1.000000	0.000000	
8	0.000000	0.000001	0.000001	0.000000	0.000000	0.000000	0.000001	0.000012	0.999968	0.000018	
2	0.017924	0.326609	0.478771	0.037746	0.020442	0.001441	0.006729	0.107092	0.000013	0.003233	
4	0.000089	0.000000	0.000000	0.000000	0.999911	0.000000	0.000000	0.000000	0.000000	0.000000	
0	0.997861	0.000034	0.000138	0.000172	0.001666	0.000044	0.000001	0.000031	0.000007	0.000046	
2	0.000039	0.989780	0.004670	0.004027	0.000044	0.000244	0.000313	0.000463	0.000000	0.000421	
2	0.096962	0.036147	0.661718	0.004738	0.003628	0.000881	0.000306	0.000977	0.000014	0.194628	
9	0.024321	0.003716	0.757736	0.000359	0.030518	0.000231	0.043033	0.088571	0.000070	0.051445	
7	0.000266	0.000932	0.087286	0.001732	0.000204	0.000050	0.000315	0.908977	0.000182	0.000055	
9	0.000056	0.002116	0.001648	0.000009	0.000001	0.000000	0.000288	0.000012	0.000161	0.995708	
0	0.946898	0.000996	0.025781	0.001482	0.013798	0.000032	0.000006	0.006800	0.000219	0.003988	
9	0.000002	0.000000	0.239001	0.000000	0.000001	0.000000	0.000042	0.000002	0.000000	0.760953	
3	0.540278	0.002210	0.000412	0.018837	0.436550	0.000032	0.000020	0.001349	0.000004	0.000308	
4	0.000025	0.000000	0.000000	0.000000	0.999975	0.000000	0.000000	0.000000	0.000000	0.000000	
9	0.000006	0.000743	0.003082	0.000000	0.000000	0.000000	0.000004	0.000001	0.000000	0.996164	
9	0.000004	0.000006	0.049878	0.000000	0.000000	0.000000	0.000056	0.000007	0.000001	0.950049	
3	0.000176	0.000661	0.020405	0.976882	0.000071	0.000805	0.000008	0.000980	0.000012	0.000001	
3	0.000706	0.002598	0.012747	0.976981	0.000225	0.004914	0.000049	0.001740	0.000032	0.000008	
9	0.000833	0.001815	0.005852	0.000026	0.000032	0.000000	0.000049	0.000039	0.000033	0.991321	
6	0.000040	0.001421	0.193173	0.000001	0.000045	0.000001	0.691484	0.054119	0.000020	0.059696	
4	0.006873	0.000000	0.000000	0.000000	0.993127	0.000000	0.000000	0.000000	0.000000	0.000000	
4	0.000662	0.000000	0.000000	0.000001	0.999337	0.000000	0.000000	0.000000	0.000000	0.000000	
2	0.000481	0.003400	0.034356	0.000006	0.000031	0.000005	0.224540	0.057191	0.012213	0.667777	
1	0.000001	0.996202	0.000007	0.000007	0.000001	0.000000	0.000005	0.003709	0.000000	0.000069	
1	0.000000	0.999888	0.000000	0.000002	0.000000	0.000000	0.000000	0.000106	0.000000	0.000003	
7	0.000702	0.119112	0.609611	0.012532	0.001048	0.001428	0.000219	0.255089	0.000001	0.000257	
7	0.000005	0.981772	0.000305	0.000035	0.000002	0.000000	0.000029	0.017579	0.000009	0.000265	
8	0.000000	0.000000	0.000000	0.000000	0.000000	0.000000	0.000000	0.000001	0.999999	0.000000	
5	0.016383	0.001888	0.565399	0.015035	0.000765	0.328804	0.041209	0.029862	0.000399	0.000256	
2	0.003151	0.002723	0.104676	0.861212	0.000952	0.001873	0.000485	0.024685	0.000234	0.000011	
9	0.000000	0.000010	0.000077	0.000000	0.000000	0.000000	0.000004	0.000000	0.000000	0.999909	
1	0.001836	0.991883	0.001639	0.002575	0.000187	0.000022	0.000011	0.000329	0.000001	0.001519	
2	0.000694	0.075419	0.796327	0.000867	0.000244	0.000008	0.000132	0.000431	0.000001	0.125878	
5	0.000012	0.000000	0.000139	0.000000	0.000000	0.999841	0.000000	0.000007	0.000000	0.000000	
2	0.001018	0.002153	0.992455	0.003082	0.000040	0.000032	0.000012	0.000074	0.000002	0.001132	
7	0.000159	0.003018	0.082346	0.000257	0.000954	0.000059	0.004116	0.909061	0.000001	0.000029	
9	0.000000	0.000092	0.000004	0.000000	0.000000	0.000000	0.000001	0.000000	0.000000	0.999902	
6	0.000003	0.000055	0.003786	0.000000	0.000001	0.000000	0.990973	0.004223	0.000020	0.000939	
4	0.000142	0.000000	0.000000	0.000000	0.999858	0.000000	0.000000	0.000000	0.000000	0.000000	
1	0.000040	0.956842	0.000415	0.001118	0.000002	0.000005	0.000058	0.040760	0.000642	0.000116	
2	0.000094	0.001859	0.829599	0.000228	0.000018	0.000032	0.004317	0.006235	0.000159	0.157458	
7	0.000015	0.000110	0.000000	0.000003	0.000128	0.000000	0.000002	0.999741	0.000001	0.000000	
7	0.000755	0.068974	0.654422	0.273203	0.000041	0.000303	0.000224	0.001556	0.000112	0.000411	
1	0.005838	0.180125	0.073830	0.722519	0.003294	0.000790	0.002519	0.007006	0.000363	0.003715	
9	0.000027	0.000166	0.013848	0.000001	0.000001	0.000000	0.000035	0.000126	0.000050	0.985744	
1	0.000002	0.997624	0.000042	0.000273	0.000000	0.000000	0.000031	0.000940	0.000045	0.001042	
8	0.000000	0.000000	0.000000	0.000000	0.000000	0.000000	0.000000	0.000000	1.000000	0.000000	
7	0.000481	0.002007	0.496048	0.000284	0.000248	0.000036	0.166549	0.329877	0.001080	0.003389	
6	0.001161	0.007306	0.620520	0.000614	0.000648	0.000023	0.015076	0.231280	0.000905	0.122467	
4	0.000123	0.000000	0.000000	0.000000	0.999877	0.000000	0.000000	0.000000	0.000000	0.000000	
8	0.000000	0.000000	0.000000	0.000000	0.000000	0.000000	0.000000	0.000000	0.999999	0.000000	
1	0.000001	0.999206	0.000005	0.000039	0.000000	0.000000	0.000002	0.000722	0.000010	0.000015	
8	0.000315	0.006593	0.000603	0.002396	0.000000	0.000001	0.000033	0.000075	0.979518	0.010466	
0	0.977906	0.009726	0.002073	0.003543	0.004333	0.000571	0.000015	0.000593	0.000078	0.001161	
8	0.000000	0.000020	0.000001	0.000001	0.000000	0.000000	0.000005	0.000272	0.999641	0.000060	
8	0.000000	0.000000	0.000000	0.000000	0.000000	0.000000	0.000000	0.000000	1.000000	0.000000	
3	0.000025	0.021753	0.000484	0.976082	0.000017	0.000214	0.000143	0.001154	0.000127	0.000001	
8	0.000000	0.000000	0.000000	0.000000	0.000000	0.000000	0.000000	0.000000	0.999998	0.000001	
1	0.000000	0.999836	0.000005	0.000018	0.000000	0.000000	0.000004	0.000119	0.000000	0.000018	
8	0.001288	0.003302	0.000138	0.000100	0.000001	0.000001	0.000073	0.000273	0.955621	0.039204	
9	0.000006	0.000149	0.002532	0.000001	0.000000	0.000000	0.000001	0.000000	0.000003	0.997308	
3	0.000039	0.004278	0.000554	0.994756	0.000047	0.000058	0.000030	0.000228	0.000010	0.000001	
6	0.012043	0.064148	0.518935	0.001167	0.003484	0.001363	0.143020	0.235516	0.000113	0.020212	
1	0.057412	0.912502	0.002196	0.004123	0.000817	0.000025	0.000014	0.000456	0.000059	0.022396	
3	0.010594	0.066156	0.196047	0.669893	0.019380	0.001073	0.000177	0.036285	0.000018	0.000377	
3	0.000069	0.065028	0.000286	0.933847	0.000009	0.000312	0.000030	0.000334	0.000082	0.000002	
7	0.000790	0.000313	0.819540	0.000917	0.000408	0.000396	0.002136	0.175271	0.000027	0.000200	
0	0.998631	0.000642	0.000025	0.000035	0.000540	0.000029	0.000000	0.000022	0.000006	0.000070	
9	0.000051	0.001932	0.007872	0.000001	0.000011	0.000000	0.000400	0.000242	0.000002	0.989490	
2	0.000222	0.000270	0.993815	0.000051	0.000020	0.000050	0.000050	0.000146	0.000000	0.005375	
0	0.997958	0.000021	0.000160	0.000100	0.001609	0.000036	0.000001	0.000038	0.000009	0.000068	
3	0.000083	0.002935	0.001587	0.995228	0.000048	0.000026	0.000002	0.000077	0.000007	0.000006	
8	0.000000	0.000000	0.000000	0.000000	0.000000	0.000000	0.000000	0.000000	1.000000	0.000000	
0	0.976440	0.003595	0.004606	0.001435	0.003500	0.000204	0.000012	0.000175	0.000127	0.009906	
9	0.000017	0.000295	0.001021	0.000000	0.000001	0.000000	0.000031	0.000010	0.000012	0.998613	
0	0.993403	0.000948	0.000056	0.002821	0.002359	0.000150	0.000003	0.000028	0.000086	0.000146	
7	0.000014	0.000338	0.000000	0.000008	0.000040	0.000000	0.000003	0.999592	0.000004	0.000000	
6	0.000020	0.000041	0.103571	0.000000	0.000015	0.000002	0.890420	0.001878	0.000001	0.004051	
0	0.997400	0.000040	0.000027	0.001136	0.001322	0.000040	0.000000	0.000019	0.000009	0.000007	
8	0.000000	0.000000	0.000000	0.000000	0.000000	0.000000	0.000000	0.000000	1.000000	0.000000	
7	0.000000	0.998204	0.000003	0.000055	0.000000	0.000000	0.000004	0.001732	0.000000	0.000000	
8	0.000003	0.000168	0.000002	0.000053	0.000000	0.000000	0.000006	0.000425	0.999323	0.000018	
9	0.000004	0.000000	0.031723	0.000000	0.000001	0.000000	0.000060	0.000000	0.000000	0.968211	
0	0.957156	0.017949	0.008312	0.002053	0.001907	0.001313	0.000098	0.000377	0.000271	0.010564	
2	0.275714	0.198192	0.112330	0.370188	0.000746	0.004061	0.000363	0.000575	0.006743	0.031088	
4	0.000150	0.000000	0.000000	0.000001	0.999849	0.000000	0.000000	0.000000	0.000000	0.000000	
0	0.999515	0.000010	0.000089	0.000003	0.000300	0.000009	0.000000	0.000007	0.000001	0.000067	
3	0.245403	0.473460	0.159934	0.085801	0.004642	0.002143	0.000198	0.003238	0.000291	0.024889	
1	0.000000	0.999850	0.000000	0.000007	0.000000	0.000000	0.000004	0.000088	0.000007	0.000044	
9	0.000003	0.000000	0.018890	0.000000	0.000000	0.000000	0.000024	0.000001	0.000000	0.981082	
0	0.998990	0.000016	0.000008	0.000156	0.000801	0.000017	0.000000	0.000005	0.000002	0.000005	
7	0.000128	0.817088	0.006611	0.021740	0.001633	0.000084	0.001100	0.151574	0.000001	0.000041	
7	0.105680	0.078261	0.583629	0.002537	0.020216	0.001233	0.007463	0.183243	0.000290	0.017448	
9	0.000000	0.000070	0.000169	0.000000	0.000000	0.000000	0.000006	0.000002	0.000000	0.999754	
8	0.000000	0.000000	0.000000	0.000000	0.000000	0.000000	0.000000	0.000000	1.000000	0.000000	
0	0.995245	0.000277	0.000579	0.000949	0.002595	0.000032	0.000001	0.000106	0.000020	0.000196	
0	0.999493	0.000004	0.000112	0.000080	0.000264	0.000028	0.000000	0.000007	0.000003	0.000009	
9	0.001590	0.032523	0.505128	0.000788	0.000053	0.000044	0.001050	0.000705	0.000146	0.457971	
0	0.999560	0.000008	0.000199	0.000019	0.000118	0.000004	0.000000	0.000001	0.000001	0.000090	
4	0.000697	0.000000	0.000000	0.000000	0.999303	0.000000	0.000000	0.000000	0.000000	0.000000	
0	0.997266	0.000045	0.000203	0.000020	0.002314	0.000014	0.000001	0.000020	0.000001	0.000117	
9	0.000024	0.000009	0.190865	0.000000	0.000004	0.000000	0.000050	0.000006	0.000000	0.809042	
7	0.015246	0.264675	0.000040	0.019110	0.002142	0.000010	0.000068	0.689754	0.008911	0.000044	
4	0.000870	0.000000	0.000000	0.000000	0.999129	0.000000	0.000000	0.000000	0.000000	0.000000	
0	0.990260	0.003084	0.000281	0.001483	0.003874	0.000163	0.000005	0.000369	0.000043	0.000436	
0	0.987469	0.000061	0.000053	0.000672	0.011686	0.000020	0.000000	0.000012	0.000001	0.000027	
4	0.011161	0.000000	0.000000	0.000001	0.988838	0.000000	0.000000	0.000000	0.000000	0.000000	
4	0.000624	0.000000	0.000000	0.000000	0.999376	0.000000	0.000000	0.000000	0.000000	0.000000	
0	0.903743	0.029913	0.004514	0.017232	0.031619	0.002912	0.000182	0.008086	0.000082	0.001717	
9	0.006473	0.014006	0.761452	0.000786	0.000733	0.000089	0.000877	0.001097	0.000018	0.214469	
9	0.000000	0.000022	0.000009	0.000000	0.000000	0.000000	0.000000	0.000000	0.000000	0.999969	
2	0.003675	0.010048	0.862510	0.054168	0.002126	0.003342	0.004160	0.058995	0.000164	0.000811	
4	0.000505	0.000000	0.000000	0.000000	0.999495	0.000000	0.000000	0.000000	0.000000	0.000000	
3	0.000191	0.007280	0.004068	0.985957	0.000029	0.001931	0.000034	0.000451	0.000054	0.000005	
3	0.625815	0.023971	0.000180	0.015278	0.331703	0.000030	0.000034	0.002308	0.000011	0.000670	
5	0.002721	0.002385	0.081301	0.008858	0.000029	0.901622	0.000111	0.002968	0.000003	0.000003	
4	0.018277	0.000000	0.000000	0.000043	0.981680	0.000000	0.000000	0.000001	0.000000	0.000000	
0	0.971060	0.001526	0.005694	0.000349	0.014825	0.000235	0.000130	0.003182	0.000055	0.002944	
7	0.001923	0.031382	0.000123	0.000341	0.000608	0.000004	0.000048	0.965478	0.000090	0.000003	
0	0.995438	0.000170	0.000352	0.000335	0.003457	0.000054	0.000001	0.000118	0.000006	0.000071	
7	0.000002	0.998705	0.000102	0.000011	0.000001	0.000000	0.000018	0.001143	0.000000	0.000018	
8	0.016929	0.003536	0.532768	0.023381	0.000596	0.012789	0.040256	0.339123	0.028908	0.001712	
7	0.000149	0.021839	0.946431	0.000039	0.000481	0.000007	0.000435	0.024598	0.000000	0.006020	
7	0.002159	0.073705	0.000039	0.000511	0.002101	0.000003	0.000067	0.921339	0.000069	0.000007	
9	0.000001	0.000000	0.052343	0.000000	0.000000	0.000000	0.000031	0.000001	0.000000	0.947624	
9	0.000000	0.000194	0.000090	0.000000	0.000000	0.000000	0.000001	0.000000	0.000000	0.999714	
8	0.000000	0.000002	0.000000	0.000000	0.000000	0.000000	0.000000	0.000002	0.999993	0.000002	
9	0.000002	0.012563	0.003176	0.000001	0.000001	0.000000	0.000043	0.000005	0.000000	0.984209	
6	0.000882	0.002626	0.514185	0.000065	0.000228	0.000060	0.118012	0.348358	0.000461	0.015124	
7	0.000000	0.999512	0.000011	0.000003	0.000000	0.000000	0.000012	0.000387	0.000000	0.000075	
7	0.000290	0.001446	0.973135	0.000158	0.000022	0.002715	0.002408	0.019239	0.000005	0.000583	
0	0.181253	0.022105	0.517046	0.118548	0.049998	0.002085	0.000161	0.105425	0.000246	0.003134	
7	0.000054	0.989851	0.000256	0.000865	0.000010	0.000001	0.000027	0.007446	0.000061	0.001430	
6	0.008020	0.001588	0.874674	0.000051	0.000350	0.000016	0.003067	0.039564	0.000188	0.072482	
7	0.003693	0.042916	0.000007	0.000281	0.001657	0.000005	0.000102	0.951201	0.000135	0.000003	
3	0.000176	0.001122	0.007917	0.988049	0.000108	0.000780	0.000024	0.001808	0.000016	0.000001	
1	0.000000	0.999695	0.000007	0.000227	0.000000	0.000000	0.000008	0.000040	0.000001	0.000022	
4	0.000203	0.000000	0.000000	0.000000	0.999797	0.000000	0.000000	0.000000	0.000000	0.000000	
1	0.000001	0.980411	0.000001	0.000021	0.000001	0.000000	0.000002	0.019554	0.000001	0.000009	
7	0.000864	0.000139	0.059670	0.000005	0.003538	0.000017	0.006804	0.928578	0.000001	0.000383	
2	0.013324	0.002951	0.952500	0.002023	0.003654	0.000167	0.000064	0.001313	0.000002	0.024002	
1	0.000243	0.980713	0.002964	0.012783	0.000102	0.000045	0.000070	0.002413	0.000014	0.000653	
0	0.997827	0.000060	0.000474	0.000351	0.001003	0.000008	0.000000	0.000031	0.000017	0.000229	
4	0.005750	0.000000	0.000000	0.000001	0.994249	0.000000	0.000000	0.000000	0.000000	0.000000	
1	0.000000	0.999003	0.000010	0.000249	0.000000	0.000000	0.000007	0.000716	0.000001	0.000014	
8	0.000000	0.000000	0.000000	0.000000	0.000000	0.000000	0.000000	0.000000	1.000000	0.000000	
7	0.005508	0.004692	0.912098	0.009931	0.002100	0.000726	0.000728	0.060632	0.000247	0.003339	
7	0.000007	0.000003	0.003722	0.000000	0.000051	0.000000	0.041130	0.954751	0.000021	0.000315	
4	0.000020	0.000000	0.000000	0.000000	0.999980	0.000000	0.000000	0.000000	0.000000	0.000000	
7	0.000039	0.974422	0.000199	0.022946	0.000004	0.000022	0.000220	0.001886	0.000137	0.000124	
7	0.000009	0.000028	0.000000	0.000001	0.000009	0.000000	0.000011	0.999870	0.000072	0.000000	
0	0.993968	0.000685	0.002580	0.000291	0.000391	0.000097	0.000001	0.000097	0.000116	0.001773	
1	0.002824	0.969199	0.020232	0.004540	0.000138	0.000193	0.000012	0.000208	0.000001	0.002654	
4	0.000145	0.000000	0.000000	0.000000	0.999855	0.000000	0.000000	0.000000	0.000000	0.000000	
0	0.993536	0.000526	0.001106	0.001975	0.001763	0.000039	0.000001	0.000043	0.000045	0.000965	
4	0.181234	0.000000	0.000000	0.000036	0.818709	0.000000	0.000000	0.000020	0.000000	0.000000	
2	0.000520	0.005778	0.809447	0.000463	0.002051	0.000060	0.003713	0.173137	0.000003	0.004829	
2	0.037733	0.050839	0.627974	0.256424	0.001971	0.002406	0.000177	0.010647	0.000546	0.011283	
1	0.008282	0.153141	0.743502	0.008825	0.001836	0.000858	0.001903	0.020660	0.000077	0.060917	
9	0.000285	0.005069	0.010117	0.000088	0.000002	0.000001	0.000057	0.000031	0.000571	0.983779	
2	0.002753	0.008502	0.969854	0.003103	0.000534	0.001900	0.000881	0.010012	0.000016	0.002445	
7	0.001814	0.002873	0.000030	0.000354	0.000858	0.000007	0.000075	0.993854	0.000135	0.000000	
5	0.003747	0.004237	0.830909	0.004328	0.000510	0.000086	0.001204	0.024121	0.003425	0.127434	
2	0.149289	0.028253	0.537436	0.206956	0.005840	0.025019	0.006558	0.023403	0.003126	0.014120	
8	0.076050	0.078065	0.124204	0.089821	0.000959	0.000693	0.003407	0.093775	0.483652	0.049374	
8	0.000000	0.000000	0.000000	0.000000	0.000000	0.000000	0.000000	0.000000	1.000000	0.000000	
9	0.000000	0.000008	0.000007	0.000000	0.000000	0.000000	0.000000	0.000000	0.000000	0.999985	
1	0.000000	0.999867	0.000001	0.000004	0.000000	0.000000	0.000006	0.000086	0.000001	0.000035	
2	0.001198	0.823309	0.031339	0.001585	0.000363	0.000070	0.010398	0.003472	0.000018	0.128248	
9	0.000661	0.023883	0.275392	0.000033	0.000069	0.000026	0.000889	0.000492	0.000003	0.698551	
7	0.000083	0.003586	0.000002	0.000022	0.000057	0.000001	0.000080	0.996105	0.000063	0.000000	
3	0.000106	0.004608	0.007174	0.982627	0.000018	0.003496	0.000943	0.000849	0.000177	0.000002	
0	0.997946	0.000121	0.000726	0.000039	0.000367	0.000014	0.000001	0.000010	0.000008	0.000768	
6	0.002101	0.025665	0.913376	0.000258	0.000467	0.000214	0.001038	0.044564	0.000013	0.012303	
4	0.001627	0.000000	0.000000	0.000000	0.998373	0.000000	0.000000	0.000000	0.000000	0.000000	
3	0.004640	0.006031	0.017032	0.967953	0.000211	0.002972	0.000041	0.000474	0.000525	0.000120	
8	0.000003	0.000001	0.000001	0.000001	0.000000	0.000000	0.000001	0.000004	0.999981	0.000009	
8	0.000007	0.000110	0.000040	0.000173	0.000000	0.000002	0.000013	0.000863	0.998775	0.000018	
6	0.000007	0.000263	0.003293	0.000001	0.000007	0.000001	0.992096	0.003394	0.000003	0.000936	
0	0.998637	0.000000	0.000009	0.000016	0.001330	0.000002	0.000000	0.000002	0.000001	0.000003	
1	0.000000	0.999741	0.000005	0.000003	0.000000	0.000000	0.000004	0.000213	0.000001	0.000032	
2	0.011942	0.005617	0.964216	0.004581	0.000902	0.000399	0.000313	0.007128	0.000049	0.004854	
5	0.000014	0.000000	0.000043	0.000001	0.000000	0.999931	0.000001	0.000010	0.000000	0.000000	
3	0.000631	0.003093	0.046356	0.940665	0.000406	0.002910	0.000098	0.005760	0.000066	0.000015	
9	0.000000	0.000203	0.000097	0.000000	0.000000	0.000000	0.000002	0.000001	0.000000	0.999697	
7	0.000435	0.000272	0.778754	0.002306	0.000138	0.000046	0.007284	0.195576	0.011950	0.003241	
4	0.004951	0.000000	0.000000	0.000005	0.995044	0.000000	0.000000	0.000001	0.000000	0.000000	
2	0.000340	0.002242	0.627164	0.000110	0.000049	0.000003	0.000347	0.000035	0.000001	0.369710	
8	0.000000	0.000000	0.000000	0.000000	0.000000	0.000000	0.000000	0.000000	1.000000	0.000000	
7	0.000428	0.000927	0.012248	0.000143	0.001359	0.000021	0.000355	0.984510	0.000004	0.000004	
8	0.000000	0.000012	0.000000	0.000000	0.000000	0.000000	0.000001	0.001183	0.998804	0.000000	
3	0.001077	0.017227	0.020270	0.939277	0.000402	0.005129	0.000111	0.016463	0.000040	0.000004	
0	0.992308	0.003122	0.002235	0.000459	0.000577	0.000519	0.000004	0.000110	0.000017	0.000648	
2	0.000009	0.000005	0.028648	0.000000	0.000001	0.000000	0.000049	0.000009	0.000005	0.971274	
2	0.000031	0.000013	0.997433	0.000009	0.000031	0.000002	0.000038	0.001562	0.000000	0.000882	
8	0.011133	0.003720	0.001321	0.006273	0.000094	0.000124	0.000292	0.013013	0.961577	0.002453	
7	0.000015	0.000179	0.000000	0.000004	0.000068	0.000000	0.000001	0.999731	0.000002	0.000000	
0	0.890208	0.001258	0.027853	0.000266	0.055704	0.000115	0.000652	0.014944	0.000022	0.008978	
2	0.290372	0.066272	0.406789	0.010899	0.060295	0.001218	0.001025	0.152602	0.000112	0.010416	
9	0.000091	0.000056	0.059077	0.000000	0.000004	0.000000	0.000245	0.000124	0.000002	0.940402	
6	0.000111	0.276891	0.052450	0.007830	0.000031	0.000470	0.542673	0.006223	0.003889	0.109433	
5	0.000010	0.000000	0.000023	0.000000	0.000000	0.999961	0.000000	0.000006	0.000000	0.000000	
9	0.000011	0.000020	0.049022	0.000000	0.000002	0.000000	0.000103	0.000016	0.000001	0.950825	
8	0.000000	0.000000	0.000000	0.000000	0.000000	0.000000	0.000000	0.000000	1.000000	0.000000	
6	0.000000	0.000292	0.000121	0.000000	0.000000	0.000000	0.807485	0.093679	0.000023	0.098399	
3	0.000344	0.001444	0.022126	0.974008	0.000162	0.001029	0.000012	0.000867	0.000005	0.000002	
9	0.000000	0.000004	0.000022	0.000000	0.000000	0.000000	0.000000	0.000000	0.000000	0.999974	
2	0.000004	0.000038	0.989390	0.000015	0.000003	0.000001	0.000336	0.000143	0.000000	0.010071	
8	0.001079	0.005158	0.000296	0.000078	0.000001	0.000001	0.000279	0.000218	0.936330	0.056560	
4	0.016520	0.000000	0.000000	0.000147	0.983329	0.000000	0.000000	0.000004	0.000000	0.000000	
5	0.000013	0.000000	0.000013	0.000000	0.000000	0.999969	0.000001	0.000004	0.000000	0.000000	
4	0.000038	0.000000	0.000000	0.000000	0.999962	0.000000	0.000000	0.000000	0.000000	0.000000	
0	0.027019	0.001665	0.006935	0.003111	0.014751	0.000100	0.007824	0.933102	0.005100	0.000392	
9	0.000001	0.000286	0.000083	0.000000	0.000000	0.000000	0.000004	0.000001	0.000000	0.999624	
1	0.000111	0.276891	0.052450	0.007830	0.000031	0.000470	0.542673	0.006223	0.003889	0.109433	
2	0.000015	0.998566	0.000195	0.000013	0.000001	0.000001	0.000020	0.000519	0.000002	0.000669	
8	0.000000	0.000000	0.000000	0.000000	0.000000	0.000000	0.000000	0.000000	1.000000	0.000000	
8	0.000000	0.000000	0.000000	0.000000	0.000000	0.000000	0.000000	0.000000	1.000000	0.000000	
7	0.000670	0.092933	0.000167	0.001180	0.000736	0.000006	0.000674	0.903381	0.000245	0.000008	
4	0.000624	0.000000	0.000000	0.000000	0.999376	0.000000	0.000000	0.000000	0.000000	0.000000	
2	0.000059	0.000390	0.000931	0.997939	0.000038	0.000095	0.000005	0.000468	0.000074	0.000001	
9	0.002355	0.599991	0.011993	0.382819	0.000168	0.000311	0.000109	0.000094	0.000037	0.002122	
4	0.000324	0.000000	0.000000	0.000000	0.999676	0.000000	0.000000	0.000000	0.000000	0.000000	
0	0.222145	0.000000	0.000000	0.000119	0.777722	0.000000	0.000000	0.000013	0.000000	0.000000	
1	0.000001	0.993362	0.000007	0.000040	0.000001	0.000000	0.000026	0.006245	0.000005	0.000314	
6	0.000020	0.000041	0.103571	0.000000	0.000015	0.000002	0.890420	0.001878	0.000001	0.004051	
8	0.008929	0.005141	0.000151	0.004588	0.000114	0.000039	0.000325	0.020376	0.957991	0.002347	
4	0.000203	0.000000	0.000000	0.000000	0.999797	0.000000	0.000000	0.000000	0.000000	0.000000	
9	0.000021	0.000094	0.011431	0.000000	0.000000	0.000000	0.000009	0.000002	0.000005	0.988437	
3	0.000418	0.000356	0.031712	0.966456	0.000172	0.000493	0.000022	0.000344	0.000021	0.000006	
5	0.005164	0.000486	0.278586	0.003462	0.000120	0.703107	0.004880	0.004129	0.000012	0.000055	
5	0.005335	0.002068	0.041508	0.001460	0.000004	0.949129	0.000219	0.000235	0.000035	0.000008	
1	0.000085	0.993340	0.000058	0.000525	0.000001	0.000002	0.000236	0.001405	0.003658	0.000691	
8	0.005730	0.039426	0.544511	0.268316	0.000775	0.000785	0.000888	0.127802	0.010190	0.001575	
2	0.001566	0.002518	0.686877	0.000146	0.000063	0.000043	0.000303	0.000037	0.000003	0.308443	
1	0.000226	0.999036	0.000002	0.000181	0.000004	0.000001	0.000018	0.000240	0.000011	0.000282	
9	0.000001	0.000000	0.064234	0.000000	0.000000	0.000000	0.000013	0.000001	0.000000	0.935752	
4	0.000091	0.000000	0.000000	0.000000	0.999909	0.000000	0.000000	0.000000	0.000000	0.000000	
0	0.961661	0.000007	0.000020	0.000296	0.037993	0.000002	0.000001	0.000012	0.000001	0.000007	
1	0.002666	0.590221	0.347424	0.004232	0.000771	0.000357	0.000612	0.021078	0.000022	0.032617	
9	0.000000	0.000009	0.000020	0.000000	0.000000	0.000000	0.000000	0.000000	0.000000	0.999971	
7	0.000011	0.000249	0.000000	0.000003	0.000056	0.000000	0.000004	0.999676	0.000001	0.000000	
2	0.003789	0.016215	0.019132	0.951969	0.000504	0.004826	0.000648	0.002613	0.000156	0.000148	
2	0.003008	0.192297	0.543703	0.027151	0.010396	0.000994	0.000592	0.221351	0.000001	0.000506	
8	0.000000	0.000001	0.000000	0.000000	0.000000	0.000000	0.000000	0.000000	0.999997	0.000001	
0	0.995226	0.001679	0.000349	0.000268	0.000299	0.000048	0.000001	0.000003	0.000015	0.002112	
2	0.000991	0.095814	0.830349	0.004481	0.005160	0.000119	0.000088	0.061760	0.000000	0.001238	
9	0.001590	0.032523	0.505128	0.000788	0.000053	0.000044	0.001050	0.000705	0.000146	0.457971	
3	0.000013	0.001933	0.000117	0.997732	0.000006	0.000047	0.000007	0.000111	0.000033	0.000000	
9	0.000717	0.004874	0.797012	0.000065	0.000463	0.000003	0.000096	0.000711	0.000001	0.196059	
0	0.997175	0.000070	0.000242	0.000210	0.002107	0.000060	0.000001	0.000106	0.000005	0.000024	
1	0.000003	0.999028	0.000025	0.000128	0.000000	0.000000	0.000004	0.000735	0.000018	0.000059	
8	0.071027	0.017721	0.753212	0.004744	0.000416	0.007705	0.013511	0.045264	0.022201	0.064199	
2	0.015448	0.038234	0.801312	0.001453	0.001698	0.000631	0.001065	0.004313	0.000010	0.135835	
7	0.002091	0.012319	0.726576	0.010057	0.001680	0.000901	0.003638	0.240573	0.000089	0.002076	
4	0.000045	0.000000	0.000000	0.000000	0.999955	0.000000	0.000000	0.000000	0.000000	0.000000	
0	0.511464	0.000004	0.000016	0.000206	0.488123	0.000004	0.000001	0.000180	0.000000	0.000001	
7	0.017958	0.093903	0.175140	0.045896	0.005318	0.004077	0.002004	0.647582	0.001425	0.006698	
0	0.337825	0.605017	0.001602	0.034412	0.011292	0.000339	0.000038	0.001141	0.000065	0.008268	
3	0.000146	0.001929	0.000286	0.980933	0.000008	0.003060	0.000054	0.008518	0.005065	0.000000	
1	0.000042	0.995667	0.000170	0.000099	0.000008	0.000001	0.000023	0.003627	0.000002	0.000361	
0	0.987857	0.000154	0.000965	0.005936	0.004586	0.000138	0.000001	0.000321	0.000016	0.000026	
9	0.000000	0.000044	0.000017	0.000000	0.000000	0.000000	0.000006	0.000000	0.000000	0.999933	
8	0.000000	0.000000	0.000000	0.000000	0.000000	0.000000	0.000000	0.000000	1.000000	0.000000	
3	0.001409	0.023863	0.011059	0.959446	0.000111	0.000303	0.000225	0.002000	0.001480	0.000104	
3	0.000533	0.001844	0.002626	0.993660	0.000232	0.000603	0.000117	0.000250	0.000120	0.000016	
2	0.015016	0.962735	0.002856	0.006949	0.000270	0.000174	0.000080	0.000160	0.000044	0.011716	
2	0.000096	0.000047	0.962353	0.000081	0.000025	0.000019	0.003821	0.032005	0.000136	0.001417	
7	0.000101	0.004263	0.001933	0.000084	0.000177	0.000016	0.000325	0.993100	0.000001	0.000000	
8	0.000001	0.000022	0.000001	0.000016	0.000000	0.000000	0.000001	0.000069	0.999856	0.000034	
0	0.332831	0.000000	0.000000	0.004387	0.662777	0.000001	0.000000	0.000005	0.000000	0.000000	
6	0.000001	0.000077	0.002678	0.000003	0.000002	0.000006	0.997095	0.000042	0.000000	0.000096	
4	0.000423	0.000000	0.000000	0.000000	0.999577	0.000000	0.000000	0.000000	0.000000	0.000000	
1	0.000000	0.999893	0.000000	0.000001	0.000000	0.000000	0.000001	0.000101	0.000001	0.000003	
